0 132 104 247 667 33 78 360 921 385 397 631 92 780 615
3 109 851 147 776 836 369 142 121 953 899 638 993 775 92
5 246 955 978 153 562 381 418 834 309 593 112 784 782 872
5 553 169 360 736 485 677 568 3 405 960 311 652 142 96
5 709 332 408 125 203 794 497 112 738 976 803 458 864 122
5 729 143 509 897 604 242 444 253 913 737 307 317 303 984
5 771 175 280 586 113 850 801 647 654 67 483 993 772 39
7 400 932 0 618 502 80 239 688 320 789 925 662 133 39
7 448 399 244 184 357 624 707 910 428 587 572 950 660 802
8 123 16 804 261 301 838 318 773 626 297 354 74 432 467
8 643 384 412 597 224 357 873 650 416 838 444 316 801 146
9 749 79 315 313 438 198 980 526 352 214 777 864 877 87
12 449 369 473 636 754 213 371 825 324 111 699 63 165 971
14 360 488 868 862 342 10 693 681 956 572 84 755 388 395
15 969 323 762 887 66 736 953 507 496 904 907 674 853 242
16 42 227 484 339 447 5 56 371 431 68 189 26 175 808
19 291 318 813 487 453 91 774 929 421 483 775 306 704 693
20 944 674 948 539 19 430 865 226 785 775 578 462 499 903
22 136 356 28 147 314 685 972 833 257 904 545 815 224 923
22 458 332 856 299 534 207 630 25 592 242 751 815 106 566
22 605 995 307 565 602 272 98 971 508 468 82 817 15 108
22 606 267 667 433 200 323 879 191 185 483 157 214 878 702
22 889 754 963 860 728 273 427 902 670 229 641 545 337 567
22 905 989 477 885 833 438 285 355 25 120 934 831 413 442
25 14 93 300 840 100 797 471 858 385 271 846 315 835 832
26 195 776 188 755 97 633 184 393 504 65 164 281 906 901
26 933 802 554 721 374 848 175 258 729 14 786 252 670 968
27 15 984 14 609 661 116 450 66 687 858 803 391 884 841
28 883 201 665 106 810 390 292 264 570 760 512 486 582 170
29 935 741 462 53 855 861 0 16 65 897 865 505 697 281
30 67 379 50 265 892 727 550 765 18 996 137 906 276 807
33 653 62 107 198 804 1 216 979 237 334 889 771 475 702
34 430 989 431 636 377 68 88 936 438 145 72 809 833 376
34 716 920 558 237 857 212 954 692 903 593 16 467 346 708
39 374 679 353 963 462 995 413 422 848 445 650 10 363 818
40 260 195 333 499 920 16 320 409 109 845 998 963 45 220
40 566 378 38 762 827 801 889 474 760 112 382 162 505 101
40 579 699 421 846 486 358 701 66 447 631 946 759 464 31
41 148 809 784 505 123 679 330 591 573 7 416 250 373 88
41 997 604 176 799 281 688 329 330 197 912 74 759 307 584
42 933 275 133 391 181 790 243 525 878 766 728 842 308 999
45 568 426 224 911 705 740 462 521 954 188 704 159 149 125
46 286 56 53 812 721 436 49 303 133 94 670 384 318 401
47 602 955 162 449 221 964 721 263 720 662 527 921 369 851
48 164 183 697 919 902 660 421 922 743 633 639 155 518 467
51 33 923 796 516 215 776 999 915 183 325 289 678 284 145
51 336 23 253 136 617 760 895 847 624 630 70 863 521 941
53 537 879 177 149 899 842 925 483 956 275 795 934 790 142
54 978 284 667 547 83 466 398 798 738 59 644 491 69 836
55 99 831 275 883 941 798 520 452 804 961 877 654 549 971
55 805 934 34 335 710 573 790 384 571 820 496 532 452 877
60 10 944 489 949 883 371 962 61 951 422 584 309 376 185
60 803 285 615 459 521 694 346 962 793 849 368 901 95 483
61 721 573 475 183 837 647 590 898 303 129 422 12 443 67
62 70 130 489 544 895 290 806 156 314 523 916 726 181 245
66 23 167 555 260 604 842 360 528 63 377 454 503 522 95
66 972 46 280 371 833 472 231 622 976 76 962 167 845 411
68 624 911 794 151 248 753 192 514 586 286 580 988 463 517
69 212 483 810 414 813 550 871 409 460 123 138 782 364 363
69 666 573 308 319 988 203 7 8 214 722 898 394 33 560
70 592 347 584 913 21 121 132 966 914 863 142 383 728 549
71 332 93 708 154 354 665 660 619 938 110 95 48 396 39
72 274 224 369 617 245 663 3 280 822 608 10 305 749 557
73 110 532 409 580 772 182 126 802 650 88 264 625 292 278
74 201 830 310 525 21 682 883 911 501 787 485 845 34 520
74 363 793 129 812 194 109 656 723 889 614 262 114 818 90
75 18 899 959 539 664 807 44 307 8 392 571 186 252 731
77 200 546 770 602 786 277 122 156 606 530 93 551 745 674
79 501 649 575 908 205 942 305 125 792 257 15 542 255 831
79 733 943 796 21 866 768 91 200 606 818 635 772 976 827
81 79 699 129 326 558 832 620 748 786 488 290 245 753 5
81 210 209 95 878 237 779 181 721 778 226 841 976 943 546
82 486 985 88 248 148 383 371 605 351 244 340 79 52 481
83 219 967 215 565 228 60 390 367 418 160 134 865 255 48
85 41 200 907 496 532 428 149 593 379 804 153 903 395 202
85 977 252 844 888 677 626 991 11 219 186 384 856 864 183
87 113 489 860 918 97 611 542 519 909 561 927 77 845 138
87 234 617 726 817 10 839 634 299 129 256 824 650 290 559
87 592 297 919 307 381 90 851 420 211 288 151 745 309 882
88 24 983 110 318 458 798 886 564 949 466 259 874 170 375
89 556 944 327 629 368 183 304 619 311 801 972 447 610 946
89 688 873 616 650 422 966 411 100 843 54 983 955 279 721
89 860 983 333 986 60 53 816 142 618 531 861 596 418 372
90 281 811 94 575 961 619 923 219 702 732 640 913 494 181
93 183 467 678 919 812 376 907 700 891 876 166 10 905 733
93 410 594 417 536 111 951 6 249 767 190 864 63 45 38
93 712 593 289 599 84 887 770 383 279 4 608 196 69 995
95 368 34 84 441 897 263 836 613 612 569 938 35 481 882
96 219 310 50 880 462 682 939 25 354 585 592 672 959 470
96 480 21 5 17 297 314 265 64 733 149 562 292 272 977
97 42 348 260 616 624 249 682 526 167 370 775 279 911 228
97 455 179 465 145 171 773 717 560 243 849 389 969 304 308
97 973 492 379 514 892 316 43 934 384 703 739 540 537 112
98 389 172 980 134 212 946 450 881 109 494 910 756 251 359
98 922 18 199 445 866 25 551 947 688 498 897 739 370 117
99 355 860 363 57 538 570 885 931 845 412 171 365 32 147
99 445 567 838 666 970 805 515 362 682 729 165 241 61 184
99 911 176 496 34 677 356 29 192 149 625 634 341 621 880
101 119 947 828 990 465 284 416 200 516 694 991 664 625 886
102 142 560 640 400 7 35 284 353 26 610 342 280 769 49
104 293 165 801 75 403 384 940 845 56 230 795 472 302 6
105 320 287 809 613 131 19 151 616 964 489 804 412 296 961
105 571 645 627 713 548 61 98 43 851 905 608 157 626 196
105 657 998 512 410 768 968 503 159 287 416 481 862 93 126
107 334 280 743 580 407 177 475 189 322 533 467 18 868 313
110 0 984 655 562 705 814 823 534 72 169 700 986 768 806
111 26 592 196 284 494 245 976 965 687 833 872 328 207 970
112 168 618 124 409 748 900 165 984 651 805 398 760 522 858
112 803 662 827 721 213 865 347 182 523 102 533 811 784 228
113 177 608 762 593 789 285 474 458 2 886 791 875 277 278
113 177 646 637 431 766 861 243 300 816 260 132 473 325 18
113 768 931 185 655 216 67 522 593 1 410 398 878 814 772
114 716 462 773 216 202 551 299 63 255 454 629 407 141 833
115 52 782 862 516 989 713 754 218 741 520 916 450 901 107
115 422 946 495 364 78 997 542 72 30 51 298 442 171 8
115 595 20 208 399 39 776 653 19 184 151 427 265 261 316
115 960 359 182 852 135 55 431 576 386 175 19 331 837 673
117 131 574 138 665 354 660 667 950 368 161 701 803 996 805
117 232 785 285 84 554 440 767 353 770 8 536 128 203 775
117 649 836 936 980 517 567 104 964 362 992 633 791 842 959
118 318 927 259 924 730 700 160 543 769 135 920 885 734 984
119 933 336 402 714 605 108 727 358 778 357 788 287 842 568
123 204 790 293 197 513 68 815 499 639 491 660 713 104 745
123 569 435 690 96 191 413 317 645 584 774 293 576 290 260
124 552 187 564 118 180 653 965 544 776 951 28 360 837 81
126 148 16 992 130 824 934 659 613 406 18 232 106 789 115
126 424 350 955 890 105 991 324 674 576 485 495 661 428 60
128 28 736 937 758 367 178 385 209 514 121 712 789 390 186
128 749 708 980 465 628 195 811 266 908 151 145 818 136 938
130 377 302 898 316 42 119 677 141 740 581 198 728 708 788
130 745 59 784 159 147 289 149 194 727 372 436 725 925 131
131 217 124 495 141 311 97 820 742 276 783 999 702 536 626
131 504 740 632 748 856 836 65 299 208 326 699 854 196 821
133 253 738 732 16 813 408 64 141 378 473 202 151 412 374
133 882 338 731 125 538 701 419 375 138 556 673 640 412 845
135 433 421 940 194 140 590 361 125 313 364 107 579 895 128
137 173 191 220 73 364 65 662 461 609 881 955 623 808 592
137 474 482 279 291 853 846 982 535 589 362 723 483 970 209
138 522 203 358 10 317 434 231 411 967 229 80 835 97 243
138 781 445 684 798 424 275 528 678 226 320 431 453 84 677
140 329 721 247 335 272 19 437 343 43 167 640 196 577 771
141 347 701 723 621 841 981 104 892 501 107 248 638 935 397
141 742 218 78 308 444 390 802 211 235 631 239 583 738 867
142 159 479 31 841 485 718 336 865 322 289 184 541 501 726
143 240 538 377 682 478 679 139 505 458 106 350 676 500 788
143 409 261 255 437 10 646 412 482 86 6 600 777 491 378
144 412 728 530 765 316 723 255 168 198 649 429 20 560 155
146 502 880 988 286 209 842 102 508 737 775 732 869 490 964
146 618 451 417 475 233 353 832 569 371 751 114 484 631 433
147 938 917 484 587 387 87 604 404 779 70 105 200 340 790
148 284 51 576 651 851 392 945 623 663 857 847 500 597 427
148 660 832 723 172 977 113 237 406 979 13 47 378 762 173
149 325 329 411 836 104 92 830 527 98 964 247 663 339 299
150 763 49 62 637 807 29 604 396 220 678 511 106 631 487
153 985 705 496 399 908 252 309 650 119 467 193 450 0 520
155 378 891 164 114 548 104 996 532 185 820 489 47 544 55
155 599 869 181 23 735 201 56 944 594 411 96 403 159 245
156 290 784 592 651 988 35 108 927 445 779 792 20 970 444
156 402 886 977 0 305 87 444 985 375 53 338 387 766 860
156 593 681 526 232 333 70 87 378 905 703 454 126 639 925
157 108 857 508 849 865 0 934 601 400 693 981 541 444 975
157 286 502 997 376 957 117 889 245 569 529 85 779 379 769
157 475 416 939 382 437 838 198 213 303 521 590 529 644 592
157 594 149 834 347 371 229 603 709 580 191 908 84 840 593
158 548 870 257 157 834 806 625 248 395 647 775 421 399 193
159 392 842 771 129 214 913 685 52 778 483 223 971 554 996
160 27 783 115 79 576 703 723 748 219 485 2 539 592 370
161 163 336 442 724 35 138 822 898 212 29 270 159 383 837
161 268 732 616 756 385 764 999 895 525 234 248 651 561 591
163 403 454 824 416 110 943 424 143 544 642 557 542 437 99
166 257 537 767 591 898 158 855 463 634 348 280 864 152 907
168 229 428 761 267 367 539 167 918 597 393 703 644 976 883
168 256 183 977 374 602 313 377 908 257 739 604 238 212 477
168 525 768 399 546 702 855 14 47 640 692 6 351 506 665
170 389 583 305 580 148 750 62 145 898 187 175 446 10 765
171 166 666 225 341 707 277 623 749 97 174 845 86 274 631
172 896 485 515 866 621 766 85 264 517 326 402 29 56 265
173 153 390 919 282 963 33 368 592 564 340 913 586 712 690
173 617 706 183 102 350 239 498 647 737 261 359 976 192 249
173 765 657 442 297 325 155 133 850 198 119 696 19 341 573
175 807 67 386 690 424 979 381 839 826 570 272 180 458 207
176 69 600 280 787 24 705 949 781 233 571 357 286 436 553
178 22 312 716 1 37 509 563 90 841 877 728 906 38 85
178 860 526 822 425 876 332 871 874 209 282 83 280 708 279
179 69 300 1 57 667 986 945 487 624 270 199 687 437 178
180 995 878 407 444 42 247 544 191 379 915 986 345 961 202
181 717 166 836 996 921 416 55 589 918 432 100 139 580 731
181 805 240 549 289 348 205 36 753 640 24 148 598 583 158
182 586 944 689 364 113 988 362 528 690 122 53 215 952 197
182 724 194 748 376 876 321 568 968 881 935 818 210 211 638
184 372 879 752 797 57 251 394 597 262 530 17 700 83 42
184 837 360 470 776 115 208 988 280 915 980 335 507 433 240
185 839 259 274 441 355 853 493 1 788 951 322 727 758 258
185 943 121 764 254 358 525 169 572 217 881 456 576 12 458
189 174 54 894 223 751 427 595 135 245 137 913 691 891 786
190 854 334 171 759 46 795 451 209 962 225 779 929 913 726
192 42 491 714 307 236 603 548 228 31 370 731 2 640 737
194 177 400 773 975 285 740 447 642 261 432 676 793 972 436
196 345 527 213 424 724 348 565 605 934 593 130 608 219 553
196 430 593 672 499 309 128 545 555 283 302 497 970 718 59
197 356 462 447 301 299 950 520 442 223 702 814 536 893 979
198 583 430 31 664 771 190 328 661 352 45 263 449 563 113
199 20 776 915 664 373 740 597 162 156 181 999 105 11 76
200 935 711 168 946 986 452 127 802 238 691 152 605 832 108
203 325 999 753 901 904 627 22 145 739 651 894 677 498 53
208 657 553 785 7 612 480 181 935 299 735 832 494 929 112
209 772 341 171 806 406 121 747 916 383 43 301 610 944 854
210 99 753 335 931 609 645 451 355 797 564 514 542 193 827
210 903 905 517 417 77 245 786 226 653 199 896 815 124 165
211 464 590 58 388 850 995 527 867 122 749 739 762 210 92
211 826 420 10 517 563 643 746 779 314 142 824 221 448 532
213 3 667 483 164 520 685 729 368 736 456 444 858 834 373
213 5 453 458 782 51 553 436 251 474 881 140 370 706 967
213 7 934 713 151 661 349 939 18 918 541 686 818 0 321
213 534 753 319 610 897 136 229 741 299 139 566 548 237 933
215 498 742 979 760 490 466 274 670 591 772 957 736 14 930
216 35 816 204 809 950 162 111 190 824 244 434 793 882 903
217 388 948 570 440 368 79 443 398 477 270 705 713 930 16
218 973 491 918 78 836 11 115 80 739 13 624 738 682 195
219 229 345 598 840 412 323 175 644 386 463 780 884 272 324
219 743 515 700 34 705 115 69 786 535 445 430 164 21 229
220 158 284 225 391 441 727 642 405 783 599 74 574 797 14
220 508 13 306 702 287 941 863 649 655 525 208 290 917 624
221 216 327 885 776 394 72 618 991 407 29 936 34 142 264
221 239 964 925 477 587 913 296 244 576 12 965 991 910 887
222 123 756 955 322 842 744 223 492 968 517 649 175 506 443
226 369 845 297 716 826 57 480 723 676 916 400 127 591 192
228 947 2 417 939 49 730 625 584 889 856 531 946 455 602
229 5 785 345 520 511 933 849 472 775 885 730 609 211 872
230 710 548 320 879 8 671 310 766 676 525 681 283 771 403
236 616 896 403 9 154 98 738 760 467 188 902 94 485 324
238 44 178 93 484 546 53 310 564 867 387 62 431 6 513
238 550 127 564 469 675 718 732 178 860 706 53 216 323 50
238 857 620 723 409 459 398 161 430 154 297 703 496 113 72
238 896 890 62 716 692 631 321 813 858 219 56 462 223 761
238 926 168 576 719 386 196 8 368 788 213 66 669 324 377
243 269 145 191 961 131 956 496 573 665 27 510 365 475 686
244 374 101 957 176 947 794 898 377 470 410 639 570 850 258
245 116 725 759 485 559 697 180 385 21 844 965 239 278 371
245 809 352 577 507 21 938 111 837 933 698 815 465 571 446
246 744 268 81 643 575 697 893 699 398 270 410 597 444 960
247 529 298 602 612 468 135 126 330 41 270 128 152 467 168
247 957 375 256 963 510 817 287 143 397 112 669 453 555 533
247 996 930 621 699 388 44 174 597 982 666 383 475 690 177
249 605 913 25 301 425 527 290 408 965 837 218 0 792 461
250 59 431 861 535 935 158 361 744 870 739 174 907 903 410
252 64 483 959 497 556 419 769 355 812 755 580 994 181 766
253 58 794 376 515 619 891 263 543 859 444 845 903 106 518
253 598 232 346 121 137 519 659 947 842 314 533 489 893 966
253 808 292 68 823 594 709 139 967 26 820 609 6 482 445
256 832 231 839 152 541 937 935 788 158 167 473 350 502 351
262 42 582 300 805 638 609 507 271 484 897 220 495 85 893
263 421 728 625 500 4 655 583 465 814 194 173 367 132 277
263 853 317 337 669 38 876 430 969 363 743 603 462 444 914
263 881 865 216 712 331 312 189 918 737 607 303 346 939 76
263 911 93 289 189 868 443 196 270 200 455 771 420 466 409
264 817 376 187 336 80 791 836 831 786 312 860 419 603 764
265 0 743 661 313 33 619 711 417 767 130 882 593 697 530
265 416 727 920 939 514 571 113 300 797 493 765 523 13 898
265 859 487 328 760 168 221 872 342 157 331 948 196 370 403
265 915 59 647 631 509 183 467 532 855 990 253 281 392 367
265 960 946 58 294 254 426 756 797 714 252 815 704 210 49
266 325 77 695 295 875 135 76 590 834 898 853 505 148 927
266 465 199 76 812 53 368 531 32 323 763 344 578 286 883
266 878 280 850 728 641 521 108 587 150 819 436 930 70 856
266 972 849 303 239 160 541 503 798 264 926 831 982 410 513
267 726 915 22 300 495 673 105 384 294 808 840 315 817 222
268 189 965 960 744 196 69 7 297 244 799 413 331 293 68
268 762 35 916 129 296 107 540 674 627 267 76 52 434 975
269 316 414 837 670 655 902 222 420 855 946 276 706 903 115
269 397 392 707 787 775 952 620 179 678 289 655 886 349 89
270 894 498 301 677 98 779 526 106 245 541 121 973 237 910
271 615 936 806 156 559 811 780 193 59 987 670 908 999 441
272 940 925 20 220 950 486 824 173 194 290 598 278 237 841
275 826 309 567 891 317 453 443 797 971 127 73 694 212 650
276 210 534 807 493 472 456 50 407 127 225 739 649 737 541
277 721 158 580 810 733 954 103 650 57 720 258 750 227 725
278 965 18 573 5 985 74 267 998 387 651 151 528 499 599
279 732 613 263 526 598 337 262 51 924 397 129 487 769 264
279 903 7 967 723 243 712 566 660 571 905 939 204 317 781
280 641 343 857 207 782 489 123 765 481 581 809 159 935 891
282 1 308 336 499 257 262 123 48 743 902 397 901 530 65
286 758 317 549 24 877 598 643 609 418 595 467 718 369 15
287 371 726 777 940 656 999 261 774 52 315 688 22 153 387
287 554 752 237 389 549 801 98 809 706 501 672 951 973 254
287 900 2 363 368 282 749 233 130 32 644 237 153 365 63
288 794 547 364 44 392 534 563 771 320 185 844 112 516 672
289 739 802 114 866 378 900 636 96 727 334 121 210 225 785
290 343 74 578 976 620 119 747 401 295 764 787 858 960 669
291 807 261 387 654 812 942 256 967 976 318 375 327 758 126
294 310 373 459 847 159 637 531 585 841 451 705 328 59 462
294 381 203 631 87 598 865 627 980 966 887 911 551 370 165
296 202 374 72 586 606 496 524 78 766 482 618 941 903 612
299 341 871 587 963 377 131 265 171 434 241 494 67 639 392
299 756 319 825 473 355 316 416 217 695 201 95 168 804 880
300 385 160 290 986 754 918 32 829 972 150 58 3 206 614
302 949 639 747 220 952 390 421 130 646 662 458 812 869 673
303 82 473 138 827 618 164 38 271 302 711 174 170 334 320
303 437 444 860 919 91 351 861 903 470 45 265 657 735 542
303 715 202 410 600 870 251 886 953 320 585 514 226 858 91
304 404 266 393 943 513 730 414 128 341 742 217 231 498 791
304 617 103 160 681 746 392 658 916 190 773 597 570 197 19
304 716 239 260 446 329 322 843 256 794 379 67 401 197 666
305 239 581 874 637 934 228 174 447 497 751 599 420 246 552
307 48 653 730 15 837 789 63 515 0 527 472 696 736 204
308 342 92 743 73 478 904 401 257 485 517 819 320 305 610
308 623 259 431 794 345 587 382 512 958 151 998 141 867 531
308 819 26 951 831 805 814 44 328 378 472 752 351 872 671
310 49 89 232 748 17 689 450 706 533 743 929 383 602 596
310 993 256 775 459 818 56 190 329 22 55 858 633 192 876
312 983 531 882 550 766 141 780 282 455 688 901 225 653 793
313 45 846 836 382 123 574 281 223 911 454 323 41 325 671
314 197 987 916 876 394 157 168 486 517 10 463 842 23 459
316 656 528 378 61 458 931 266 36 967 604 7 978 767 292
317 204 907 575 186 979 557 113 795 147 358 483 370 151 205
317 666 159 435 9 848 452 903 554 350 224 907 631 611 812
317 923 411 482 484 66 742 160 486 213 846 546 657 703 585
318 896 751 974 841 100 177 311 924 313 166 998 594 703 548
319 799 522 458 34 523 911 915 833 794 301 388 582 657 426
320 516 997 918 563 931 140 825 47 833 216 943 679 826 228
320 598 537 849 234 637 440 358 857 795 915 40 302 280 481
320 744 720 414 468 479 528 678 809 607 803 706 185 162 462
321 283 845 924 484 265 781 58 373 537 266 545 270 3 434
321 498 160 286 706 11 531 197 146 24 817 711 802 870 33
321 741 909 692 467 693 309 766 207 299 157 72 709 102 720
323 113 929 783 743 8 414 318 997 793 915 291 840 271 462
323 359 771 786 252 522 717 779 875 747 707 641 502 410 482
323 852 632 152 503 750 333 776 112 676 42 737 623 287 457
325 383 848 140 182 257 345 386 812 57 369 670 395 640 452
329 110 270 628 328 282 748 777 664 508 524 954 330 535 2
329 288 5 534 341 933 622 486 473 47 614 10 662 297 703
330 422 210 696 969 980 320 524 51 764 730 808 549 386 962
330 791 857 959 547 150 317 966 371 160 524 564 668 31 962
330 929 425 633 371 9 20 792 658 831 298 648 636 697 661
331 249 619 484 791 101 135 40 73 672 686 793 388 872 320
332 58 971 631 599 285 677 315 871 351 391 467 681 588 756
333 113 72 79 840 658 847 297 20 627 77 806 261 903 912
333 216 411 349 415 791 210 348 943 421 844 880 711 637 285
333 732 218 824 499 476 121 288 623 135 105 743 778 431 202
334 301 804 356 187 883 143 142 228 882 439 407 380 870 256
334 529 914 263 652 783 492 401 122 741 131 355 890 858 633
336 820 297 367 855 913 360 134 50 995 73 619 429 898 218
338 271 60 590 929 620 204 252 862 193 989 289 775 666 959
343 89 85 326 491 161 275 889 936 96 938 760 881 401 726
343 925 461 166 156 438 317 204 296 430 372 158 903 953 100
344 495 210 53 39 523 828 998 334 686 507 947 480 905 123
345 996 144 587 424 522 443 109 227 669 876 851 758 283 929
348 640 493 114 689 456 669 939 341 996 249 126 76 62 819
348 985 284 550 480 380 620 695 414 379 349 700 676 174 677
349 155 639 490 840 30 357 180 908 510 355 182 128 382 207
349 358 608 749 568 286 965 905 542 769 880 890 807 792 13
349 955 803 502 574 624 110 526 527 175 32 138 660 421 432
349 995 454 467 429 272 679 417 166 12 83 276 928 816 998
350 465 383 307 86 726 170 845 128 297 83 527 301 256 254
351 55 570 486 138 326 185 347 121 955 531 292 509 358 412
351 560 718 913 303 738 155 5 778 797 670 917 887 153 151
351 791 172 574 836 349 819 398 160 530 609 345 994 376 357
352 16 745 349 509 120 389 112 417 672 905 403 379 939 555
352 355 998 558 798 527 922 267 799 990 256 538 889 864 63
353 744 259 994 7 594 342 497 432 105 2 168 900 629 862
354 628 450 646 19 81 726 861 936 538 325 367 339 160 65
354 983 761 673 464 221 278 915 250 830 222 105 726 255 954
355 832 899 51 64 173 303 429 956 382 594 434 102 710 885
360 665 13 258 783 545 134 614 367 646 750 435 355 102 838
361 308 708 895 503 490 362 401 144 764 843 335 685 616 522
362 180 780 269 953 154 463 727 955 190 152 393 420 887 127
362 988 345 425 584 523 137 723 284 204 814 479 291 426 679
363 45 444 340 525 385 623 559 512 459 648 148 551 17 404
363 268 858 814 68 461 653 800 35 414 880 570 157 445 736
363 390 907 419 974 938 128 407 12 137 513 71 654 367 105
365 947 503 763 179 901 903 939 601 61 225 639 257 609 933
370 786 747 572 990 486 969 209 804 575 215 391 581 952 85
370 876 86 254 943 202 410 125 340 588 613 734 484 285 138
371 376 198 591 72 182 38 104 792 609 549 316 855 425 115
373 45 480 163 602 659 776 842 585 160 280 289 85 889 176
373 709 452 470 203 913 688 258 13 885 289 285 942 505 280
373 826 224 218 348 148 55 103 337 200 735 515 896 93 324
374 910 802 426 156 183 760 449 810 613 65 226 511 941 595
376 388 523 553 608 897 506 861 390 895 154 278 367 165 992
376 458 472 519 653 378 479 288 55 728 177 178 330 883 293
377 903 136 358 487 570 330 299 730 716 312 516 152 816 578
378 157 912 930 809 38 499 738 75 575 456 498 112 379 517
379 293 523 537 637 627 27 666 353 197 545 849 72 611 188
380 875 672 477 214 857 729 629 160 172 266 793 956 58 96
381 224 62 732 932 142 300 696 829 273 189 53 865 764 221
381 400 717 530 546 34 276 171 883 260 542 366 65 8 385
383 339 991 954 884 265 616 394 838 280 548 834 66 237 935
384 235 338 578 584 245 363 133 431 753 470 655 857 296 114
384 431 927 731 184 336 764 124 251 331 289 291 138 521 820
384 699 433 39 284 678 282 289 160 176 747 322 674 184 916
385 46 184 388 363 823 231 251 669 339 266 784 770 201 773
386 249 387 861 164 983 610 685 520 268 678 49 302 282 68
387 759 684 785 407 588 545 217 696 705 764 502 587 532 569
387 829 657 778 919 410 600 917 36 230 479 168 658 535 99
389 59 329 814 712 873 666 636 447 719 498 734 78 18 912
389 667 289 790 180 770 260 75 494 560 866 113 762 465 921
389 918 375 75 97 717 242 269 667 427 798 477 327 27 454
392 386 736 681 613 809 236 481 603 679 360 279 75 586 620
393 38 776 853 884 39 847 625 830 825 887 54 549 369 394
395 669 884 966 576 332 22 181 453 667 502 801 648 446 698
396 133 8 295 84 579 736 470 588 623 422 189 541 675 55
396 392 777 519 344 247 121 181 273 2 1 397 922 292 496
396 540 448 388 850 987 691 766 770 507 878 618 116 721 17
396 683 974 487 64 335 708 586 997 414 7 323 475 648 733
398 100 551 292 85 196 712 772 405 707 164 766 309 809 743
399 110 60 851 539 665 430 799 100 369 588 556 783 984 767
399 531 377 474 628 656 755 329 276 697 978 592 169 761 911
400 671 3 462 297 540 931 185 76 43 62 464 809 647 469
400 765 253 691 285 615 846 90 441 256 446 877 516 165 7
401 46 776 435 861 119 94 834 69 177 466 768 49 866 870
401 160 798 706 575 10 2 462 24 400 77 181 21 453 552
401 561 448 612 683 830 438 78 175 269 459 904 700 302 405
402 873 368 594 884 725 486 943 923 191 534 515 573 566 597
403 306 90 800 972 896 438 687 437 313 849 660 23 989 38
404 532 429 427 248 459 14 867 259 385 621 949 934 774 326
404 921 972 33 32 30 333 980 112 379 733 257 880 405 162
405 280 855 620 12 859 673 162 564 778 896 675 254 241 651
405 400 374 671 629 944 917 859 146 273 693 604 861 329 173
405 767 794 587 287 528 88 59 22 992 824 709 512 385 386
405 827 521 941 337 277 216 36 792 600 10 828 83 655 694
405 869 363 703 335 549 56 191 566 12 991 541 375 903 399
406 334 440 957 238 264 579 137 473 446 564 297 930 411 248
408 785 604 638 197 567 407 472 84 829 970 965 404 824 951
413 842 716 519 185 756 151 934 563 495 757 545 243 956 974
413 879 342 182 367 759 626 375 533 938 231 536 696 104 618
415 497 519 644 645 855 944 213 889 320 668 835 972 560 506
417 467 390 871 985 81 309 765 728 1 935 613 277 413 482
418 52 408 825 382 433 118 804 388 182 794 507 503 125 5
418 89 550 261 625 603 272 399 887 482 269 604 502 568 731
418 967 250 258 41 545 606 272 777 48 274 750 73 410 506
419 575 260 296 287 355 368 114 144 926 807 563 395 196 479
421 861 440 87 381 769 835 110 429 217 531 876 13 866 796
425 174 47 70 720 224 539 238 171 333 244 417 892 699 34
426 634 523 432 620 761 721 113 166 443 241 853 882 870 401
429 480 923 562 189 44 361 143 224 663 477 93 169 883 55
430 49 347 932 95 110 991 753 400 827 14 810 716 270 670
430 237 256 663 322 872 906 884 423 459 529 597 501 855 660
430 285 790 747 47 145 73 653 692 103 4 594 463 392 72
430 859 266 861 639 306 785 490 38 922 983 252 454 821 893
431 767 230 732 904 151 935 665 306 5 792 719 134 539 681
434 699 443 120 319 97 948 431 5 491 126 71 833 680 124
436 71 529 184 225 678 844 696 983 141 898 251 569 162 88
437 239 789 648 641 262 487 286 313 458 275 517 512 710 537
437 278 454 47 757 603 718 798 417 84 818 936 208 194 34
437 955 183 386 703 931 624 645 871 664 607 492 737 466 732
440 526 498 685 359 120 264 709 362 401 495 660 180 602 31
440 597 499 364 573 141 928 316 565 624 468 215 230 922 30
442 178 528 886 622 414 542 871 897 175 729 335 937 982 936
443 178 668 727 168 419 536 533 543 509 311 833 34 539 368
445 884 88 71 180 732 411 960 694 24 139 364 38 381 278
446 552 749 516 782 963 785 594 437 314 217 722 81 824 682
446 715 546 435 183 848 434 732 972 955 980 236 355 569 816
446 872 62 199 272 180 791 846 72 841 365 551 296 380 922
447 909 119 248 830 464 680 392 914 103 985 85 253 154 90
449 231 764 500 15 288 188 624 882 321 730 205 398 80 135
449 948 146 349 495 49 239 944 530 833 973 900 457 99 307
450 632 850 447 154 71 416 756 207 667 536 584 396 563 51
451 939 180 423 654 776 56 329 549 795 645 74 552 879 304
452 722 694 916 809 841 213 346 484 401 101 304 544 520 112
452 891 814 960 750 476 754 694 246 352 595 101 32 906 379
453 246 20 267 417 781 388 320 951 15 19 151 661 556 760
454 793 549 396 591 253 141 183 423 661 4 208 552 629 120
455 870 635 596 749 768 250 352 332 20 386 824 458 715 665
456 395 399 366 239 767 888 155 763 877 538 759 543 111 39
458 749 213 823 692 328 874 546 777 699 750 718 920 318 591
459 686 183 937 254 300 967 878 271 503 744 462 835 535 290
461 58 560 787 104 391 627 762 253 823 978 872 641 667 525
461 696 239 466 795 113 970 863 849 118 179 781 473 290 98
461 837 38 815 490 299 529 196 88 302 46 277 660 109 432
462 668 522 618 324 507 180 273 209 678 520 952 48 452 322
462 699 605 750 582 600 245 99 923 876 666 520 846 882 131
463 151 696 684 872 804 320 995 752 735 148 78 625 780 506
465 493 408 879 789 636 463 234 948 308 532 76 316 871 805
466 668 74 588 290 671 647 693 184 76 758 151 554 882 232
467 176 965 891 996 285 676 964 126 793 657 192 406 364 963
468 229 71 391 630 454 151 897 686 652 829 227 964 434 370
470 862 426 427 432 978 128 197 596 719 748 854 172 744 104
472 769 432 837 988 252 332 320 874 69 96 172 171 198 403
474 538 950 597 121 38 500 318 501 623 208 298 189 352 182
476 71 298 338 723 50 360 811 849 527 22 794 979 597 219
476 463 827 6 94 102 856 934 240 38 136 918 629 57 397
480 152 279 168 182 392 27 646 289 719 96 285 117 587 454
480 775 15 136 102 122 123 458 330 696 390 48 717 762 804
481 58 586 957 432 102 710 596 727 271 856 223 369 275 265
481 378 663 606 733 429 416 346 260 193 929 871 207 936 404
481 591 674 554 330 767 720 255 456 274 695 170 70 753 414
481 975 308 463 512 897 877 915 540 69 313 518 768 908 267
482 89 153 53 564 674 625 741 318 835 17 611 25 563 195
483 492 660 160 783 267 300 677 700 719 513 436 15 560 192
483 958 908 750 72 972 3 71 659 136 454 723 353 479 957
485 255 595 454 644 507 854 342 226 971 265 16 462 408 405
485 357 131 539 840 153 754 464 725 255 440 955 228 315 777
485 375 778 304 779 418 756 13 962 426 292 774 976 772 973
486 497 669 597 529 261 341 783 247 863 146 678 149 152 308
486 798 922 329 902 810 857 764 498 309 281 78 481 258 809
487 335 729 703 324 526 359 81 699 961 72 572 21 522 192
488 609 706 100 350 681 47 384 9 742 50 661 246 119 219
489 543 670 918 801 592 131 978 778 653 407 946 227 173 492
490 152 408 119 417 517 917 364 880 263 115 986 515 75 634
490 277 202 973 287 280 295 347 124 361 369 508 228 696 345
490 385 837 818 45 453 13 519 543 69 33 566 76 656 630
490 740 350 654 388 874 279 715 383 260 656 156 612 186 362
491 77 666 730 59 390 746 742 714 801 162 198 153 185 871
491 657 187 345 282 721 101 583 33 499 521 296 638 620 742
492 233 680 697 116 245 138 306 386 481 117 154 391 644 735
493 657 326 770 188 943 35 876 412 452 806 692 269 65 516
494 227 174 581 521 316 616 346 878 292 383 234 26 836 901
496 624 439 318 909 902 750 20 197 71 966 808 563 282 955
498 104 311 376 874 387 26 254 171 877 941 551 506 259 238
498 319 183 379 242 664 723 501 869 271 92 165 871 445 849
498 629 153 643 234 579 167 372 433 150 586 21 750 784 789
498 652 168 394 52 877 896 314 418 12 196 250 441 222 110
500 139 581 47 328 800 332 559 886 197 428 250 45 507 341
502 5 896 233 948 525 494 75 765 251 575 424 273 703 524
503 370 936 344 170 128 505 312 960 605 110 280 764 172 177
503 414 508 841 506 726 957 25 14 972 387 252 655 317 120
504 798 347 666 918 840 360 120 400 779 362 244 772 149 868
505 539 410 102 697 259 736 458 501 318 212 832 924 149 197
506 23 751 76 934 256 88 120 813 392 451 360 414 70 290
506 279 627 227 14 738 796 422 704 302 296 204 828 211 626
506 556 706 629 498 432 702 199 959 784 410 105 64 900 458
507 366 31 890 358 924 210 773 364 32 477 587 974 573 104
508 484 309 77 749 957 52 626 296 540 84 999 457 899 453
508 969 669 108 266 646 182 236 16 243 202 191 579 320 870
509 413 686 253 161 286 228 522 561 523 436 47 719 540 82
509 703 453 694 727 636 969 341 84 208 932 847 506 531 853
510 414 88 306 805 668 665 815 370 598 238 412 219 852 592
511 140 212 199 607 964 378 788 510 921 852 267 30 49 285
511 226 475 611 827 315 208 141 392 249 982 329 541 522 422
512 507 589 949 362 258 960 754 338 798 466 312 489 777 91
513 128 672 208 516 49 560 137 257 11 491 524 712 367 374
513 466 442 445 205 490 56 193 663 330 592 533 858 818 164
513 853 51 562 729 151 913 935 205 691 262 255 10 662 898
516 626 684 346 473 547 746 764 185 150 960 122 564 518 715
517 456 27 425 207 236 338 407 192 387 193 916 579 313 445
518 336 516 240 820 844 85 546 81 967 531 835 972 253 772
518 536 916 526 899 119 232 406 44 330 777 302 752 699 17
519 225 375 415 809 570 640 823 844 642 206 464 17 726 684
520 98 334 519 731 59 187 539 722 891 883 160 987 271 676
520 271 848 441 71 486 893 17 968 200 920 404 183 437 761
521 669 544 410 143 786 349 1 135 235 195 431 110 424 146
522 780 776 109 854 22 632 860 761 378 680 746 903 704 305
523 78 664 247 810 81 920 0 747 735 259 595 520 61 965
523 744 536 485 962 241 643 580 218 432 768 446 285 950 595
525 111 214 558 142 533 203 346 331 283 353 312 604 684 749
525 158 838 189 993 702 663 52 856 656 109 880 175 334 720
525 649 604 430 526 768 69 540 96 286 370 588 373 854 676
526 415 373 625 962 290 832 448 861 67 421 838 511 762 501
528 597 850 683 195 696 871 221 913 482 936 137 242 396 171
529 376 894 339 204 159 538 22 803 565 732 346 364 478 745
529 594 992 923 966 229 637 304 327 251 823 403 737 801 545
530 637 856 882 555 475 196 62 217 368 266 995 85 59 142
531 517 717 66 980 660 36 844 560 454 589 232 723 176 65
531 908 42 523 307 560 468 267 934 64 268 619 801 318 241
532 336 872 731 305 340 844 301 542 409 131 439 673 930 919
535 471 107 59 381 664 883 328 538 568 236 341 332 636 294
535 517 379 434 353 784 770 321 947 583 972 463 326 952 658
536 866 33 172 390 128 218 624 546 730 312 61 121 272 88
538 52 341 807 236 475 707 741 337 792 683 664 462 467 294
542 129 720 352 263 157 837 51 681 115 922 295 127 452 71
542 780 779 572 803 357 743 130 596 326 641 852 379 209 178
545 466 726 82 957 184 274 276 854 452 317 534 914 553 397
545 652 419 942 562 129 688 601 528 474 935 484 150 948 280
546 506 264 901 371 361 788 555 635 170 666 753 794 976 645
547 151 754 355 479 380 708 668 113 736 297 252 210 37 549
548 675 633 823 854 230 882 180 72 21 812 306 667 632 960
549 707 186 742 133 998 413 614 204 866 923 915 574 704 761
551 768 571 994 840 329 976 820 961 396 187 210 748 350 988
552 17 2 9 405 120 124 757 766 160 696 533 256 593 778
553 288 642 806 971 430 999 848 914 393 251 582 13 370 221
555 134 804 544 684 633 988 942 869 660 539 166 557 47 771
555 623 607 446 688 757 391 459 29 92 761 839 499 883 395
556 290 845 840 820 201 168 800 74 797 39 167 456 301 203
556 459 824 473 791 990 778 460 927 517 711 176 647 610 157
556 980 370 637 85 555 371 34 451 568 939 428 784 803 832
557 118 985 820 857 939 719 534 962 366 903 475 947 249 537
559 712 653 318 706 735 297 562 967 214 169 57 272 307 533
561 468 724 493 713 857 2 52 812 454 466 245 148 358 239
561 972 156 198 241 691 253 429 460 365 269 902 266 513 113
562 20 227 368 353 326 447 877 473 824 103 890 581 923 407
567 65 612 374 295 119 628 92 820 923 844 978 373 793 342
569 150 683 690 465 85 136 674 644 342 750 618 233 341 688
571 37 688 53 871 382 34 561 932 239 342 744 355 43 721
571 584 881 611 782 227 609 492 916 820 11 845 652 224 981
571 646 484 122 257 662 64 299 715 22 274 161 524 249 655
572 556 250 256 87 525 360 579 446 691 721 167 286 12 864
574 527 948 270 790 97 285 362 573 374 702 873 839 102 368
575 879 165 121 452 579 837 805 763 484 792 960 738 195 983
576 444 952 329 481 570 909 455 779 791 89 516 792 192 678
578 416 536 742 663 124 623 551 715 68 54 761 232 676 537
578 839 346 96 923 562 82 605 58 980 803 188 91 418 353
579 737 651 966 893 627 15 956 642 985 334 923 716 175 219
580 618 360 862 625 865 672 302 619 525 597 523 342 109 932
581 195 783 803 249 779 893 395 401 932 501 445 838 528 702
581 366 451 167 405 797 293 967 854 863 479 604 245 316 602
581 599 170 366 575 38 953 265 750 142 864 517 492 249 232
581 852 539 287 19 692 593 211 922 628 46 743 496 892 306
582 21 456 658 510 286 504 534 205 246 860 15 69 912 804
582 698 339 289 245 441 916 627 557 371 697 300 282 583 478
583 465 50 496 544 584 755 154 395 510 812 778 837 729 621
583 501 84 954 142 451 213 438 71 788 793 553 631 163 130
584 155 947 293 612 367 334 720 185 192 314 893 587 423 36
587 588 206 248 835 545 983 921 447 451 981 731 704 592 132
588 118 862 623 527 347 896 120 931 42 836 367 781 850 823
588 574 954 510 18 538 282 700 6 543 489 614 555 640 329
590 591 979 803 787 728 425 301 110 134 542 990 924 454 133
593 310 213 380 620 687 670 683 253 125 583 474 707 209 302
593 534 916 190 982 121 667 779 372 565 505 456 366 441 229
593 880 244 798 886 174 995 297 665 356 412 511 373 517 481
595 445 888 165 829 487 71 534 485 280 532 781 941 823 814
596 805 493 940 51 229 981 697 472 701 599 648 308 315 209
600 671 811 767 408 761 369 269 972 31 512 498 540 925 666
603 378 194 880 118 657 335 408 509 528 947 477 600 144 595
603 518 726 212 134 249 227 488 328 237 995 16 192 993 602
603 538 709 260 187 652 726 294 791 681 366 14 718 485 455
604 217 175 24 947 59 850 901 321 458 515 904 390 47 372
605 552 972 938 361 126 733 444 196 842 8 390 80 621 216
605 771 213 497 978 515 545 291 684 124 794 13 310 592 108
607 973 816 224 408 322 794 912 209 215 15 308 239 671 591
609 239 310 981 302 94 671 285 425 67 379 467 30 161 760
609 872 536 453 667 952 265 531 401 59 972 956 998 126 281
610 259 458 195 44 675 852 695 670 529 461 349 343 296 42
610 832 766 446 149 750 392 987 30 723 276 604 210 137 163
610 959 901 15 858 116 646 568 228 960 749 620 276 967 892
612 213 836 246 99 448 10 675 131 241 601 931 542 694 388
612 832 159 129 851 914 543 883 189 508 164 284 969 319 4
613 260 887 453 535 659 495 876 987 44 218 816 590 824 808
613 426 306 717 768 247 460 43 179 324 529 861 7 444 996
613 637 626 181 999 562 523 341 289 412 986 246 235 780 292
615 848 114 799 822 483 861 561 243 335 493 996 248 241 260
616 640 796 149 463 66 174 687 283 742 392 684 385 51 807
618 283 598 5 761 477 671 107 154 408 991 810 152 553 873
618 905 48 655 958 592 653 813 240 379 110 925 413 446 248
619 183 402 658 806 120 434 911 661 572 525 797 275 897 881
619 389 907 243 239 807 917 261 433 576 724 428 895 384 97
621 723 952 192 440 262 373 139 480 27 538 178 716 290 37
622 803 347 895 922 919 268 564 451 917 158 897 591 27 806
623 642 994 357 336 784 822 223 613 184 207 189 33 66 84
625 335 482 44 827 704 808 611 91 892 118 787 95 782 349
627 890 289 393 165 277 852 557 164 78 478 316 785 628 549
627 937 973 956 677 196 266 14 527 334 529 239 599 97 323
631 315 672 728 319 591 401 712 34 92 777 479 693 198 380
632 676 657 561 542 62 916 679 352 722 729 800 302 851 186
633 465 508 532 888 910 542 754 52 59 785 782 972 54 239
633 964 584 433 24 668 481 413 698 388 980 373 102 76 87
634 554 251 182 881 722 570 314 1 364 335 887 785 51 986
635 830 479 258 144 513 201 861 366 331 98 476 911 236 96
637 436 770 976 2 1 480 234 342 64 767 528 504 942 900
637 964 10 35 947 455 488 993 620 811 746 789 585 831 828
638 327 37 808 871 174 809 183 536 797 251 954 743 210 861
639 56 142 732 230 558 203 737 703 83 196 302 903 158 91
639 150 294 703 420 44 84 945 244 121 428 295 795 179 410
640 307 103 467 820 795 67 48 390 175 147 731 22 671 743
640 812 712 936 134 778 773 164 371 583 855 162 387 347 16
640 902 137 693 9 720 702 849 601 118 628 771 984 836 859
642 70 443 944 405 22 970 325 556 114 188 306 48 211 884
642 116 511 198 616 100 468 473 335 37 580 886 812 196 12
642 313 9 937 278 219 862 835 415 934 975 891 327 114 504
644 140 828 830 833 243 975 418 647 269 795 216 398 352 13
647 612 842 758 35 232 714 414 837 818 490 93 349 346 480
648 263 615 877 684 65 55 4 667 470 740 137 800 275 350
648 396 547 259 982 419 218 954 449 184 620 97 870 94 336
649 912 177 555 548 25 572 744 828 428 893 381 600 362 230
651 219 901 75 531 930 967 389 847 972 551 736 108 937 573
652 582 168 709 539 448 483 974 648 902 625 418 222 694 339
652 912 734 741 510 125 305 349 424 561 842 614 257 90 243
653 254 843 536 910 801 34 975 64 221 730 44 156 635 507
655 489 734 360 809 765 787 210 445 526 160 931 455 794 417
656 130 951 234 845 586 617 381 144 9 600 131 355 65 143
656 303 333 727 359 559 46 148 86 822 746 738 52 828 505
656 389 718 453 482 752 733 157 239 877 182 277 331 312 359
657 305 50 940 787 317 838 152 915 737 459 945 165 950 801
658 314 749 690 720 136 120 248 78 202 704 296 163 689 705
658 395 666 890 96 246 180 598 131 183 234 839 30 336 104
660 911 734 412 507 960 793 599 466 320 473 788 69 601 150
661 428 946 582 891 936 952 954 777 999 874 65 412 854 572
662 358 665 542 336 308 727 220 321 719 841 282 134 180 920
663 792 346 932 538 944 409 445 215 605 928 530 665 781 970
664 160 330 128 87 106 214 353 108 765 163 81 242 879 202
665 49 392 435 11 428 288 350 928 139 738 344 349 845 550
667 660 551 751 872 414 260 408 56 28 574 509 277 623 309
668 979 772 932 569 3 343 397 308 377 769 745 812 964 918
672 544 241 503 322 981 756 177 662 434 533 274 742 94 946
673 555 266 68 932 539 892 45 868 239 277 470 747 978 110
674 784 330 978 388 835 510 631 376 180 846 447 765 721 183
675 362 211 10 100 52 861 150 738 36 264 599 482 200 190
678 107 401 687 521 851 522 771 131 981 292 39 897 567 416
678 336 858 777 71 595 942 521 704 474 718 589 393 866 120
678 399 225 25 847 87 861 77 894 213 709 978 784 432 229
678 409 375 857 292 863 61 620 460 4 790 414 717 261 515
678 634 564 517 403 718 61 587 632 880 6 619 907 686 441
678 877 177 314 669 529 971 254 562 126 402 737 229 910 225
679 383 226 902 854 212 513 821 600 729 368 429 855 463 403
679 454 264 732 256 687 158 485 682 14 182 350 79 752 308
682 751 476 174 652 489 463 874 492 532 871 449 112 420 479
685 395 686 139 70 877 204 731 776 722 514 882 738 268 581
685 495 164 257 464 983 220 625 229 472 733 324 906 135 488
685 559 800 112 251 733 154 822 256 482 191 577 177 287 714
685 844 146 306 912 211 954 288 656 720 933 164 451 312 743
685 949 607 418 364 816 388 846 707 10 599 832 737 141 225
686 226 752 298 500 152 492 497 436 310 172 966 275 193 530
686 861 412 858 506 399 136 119 378 261 536 388 235 272 734
687 522 133 615 662 811 24 726 826 121 657 467 674 390 596
689 998 111 358 670 494 987 5 11 51 816 802 411 140 615
690 614 679 86 51 206 19 791 310 376 138 955 9 463 930
691 734 700 616 745 414 987 379 206 825 663 342 985 650 524
693 445 604 6 85 21 78 934 650 635 624 957 477 486 822
693 618 384 37 85 223 934 540 867 502 804 568 265 624 227
694 861 875 75 128 95 415 811 444 689 718 31 388 511 229
695 8 960 7 590 54 475 921 48 738 323 974 745 948 447
696 531 870 532 782 121 758 388 281 210 269 700 122 914 194
698 214 265 58 200 906 309 552 687 124 788 861 823 955 664
698 359 334 319 871 788 450 378 441 414 876 850 44 885 840
700 252 823 77 883 92 598 400 145 44 848 537 241 287 951
701 555 779 569 125 678 215 222 843 685 565 675 535 877 122
702 556 848 869 818 119 164 937 81 41 169 93 794 257 129
704 142 561 743 761 707 713 812 726 274 155 338 256 395 843
705 356 460 179 682 503 105 753 851 606 458 247 164 531 710
705 971 342 354 129 723 104 644 367 107 226 636 462 605 132
706 256 298 326 480 314 436 126 334 788 666 785 285 490 551
707 148 14 748 198 304 358 359 844 163 855 38 462 616 314
707 475 512 686 496 591 142 742 886 738 124 345 923 604 593
707 691 300 285 810 900 54 121 177 649 97 965 364 149 731
708 605 808 276 350 428 517 802 257 873 129 556 26 63 903
709 600 161 897 455 417 330 779 437 554 171 720 614 291 255
709 944 179 988 131 128 778 715 331 751 462 289 670 536 109
710 949 806 504 369 527 438 166 182 908 861 447 624 441 766
711 908 364 629 809 691 345 993 81 968 721 401 871 411 496
715 61 566 984 799 985 380 878 313 704 737 873 430 693 252
715 241 562 737 164 112 954 182 235 745 766 36 651 522 989
716 264 531 233 163 559 110 296 253 887 291 477 617 774 437
716 797 909 210 992 38 148 792 274 8 293 520 286 835 784
717 267 28 21 986 801 977 597 675 632 908 512 109 292 751
717 282 628 457 947 759 390 893 20 988 885 776 720 667 635
718 293 329 174 542 497 755 559 728 344 767 371 638 466 861
718 905 336 566 315 433 837 164 873 402 702 949 562 33 201
720 864 780 642 490 941 437 385 7 971 171 701 309 822 436
721 869 594 327 894 426 666 807 46 210 280 973 921 350 141
722 184 551 393 7 17 733 622 265 504 554 790 77 646 277
723 436 600 575 622 169 45 539 378 97 757 231 80 659 545
723 568 631 737 469 138 905 572 193 549 54 380 868 709 698
724 544 249 715 752 905 765 942 408 583 561 792 646 679 838
724 871 545 474 247 574 563 678 954 407 358 230 913 40 737
726 868 824 711 364 749 93 705 340 622 44 697 677 179 887
728 154 864 517 75 731 185 579 510 342 956 939 941 955 479
729 711 546 549 747 431 274 328 150 288 15 964 701 499 308
729 726 305 994 84 891 603 872 615 897 18 95 326 842 696
731 663 347 681 59 972 539 583 20 577 619 10 774 137 960
737 575 797 274 526 268 210 571 512 629 481 817 577 726 33
740 509 56 760 961 371 345 471 849 852 565 100 747 18 255
743 73 506 818 806 87 784 512 221 490 845 401 211 528 242
745 731 758 935 194 762 927 748 301 601 515 13 87 372 401
746 585 898 227 488 865 49 261 910 747 214 959 458 723 407
747 26 49 301 253 979 789 162 973 763 551 636 925 153 985
747 272 243 134 907 447 655 780 343 495 457 352 127 821 550
747 405 873 656 473 311 296 504 738 986 929 52 617 142 346
748 463 656 424 92 495 263 530 795 585 757 169 102 199 615
748 725 943 853 72 633 983 399 455 323 424 915 114 297 807
749 260 138 198 239 13 723 141 676 800 983 400 955 376 359
749 880 314 342 18 656 133 604 134 956 322 848 805 920 77
751 107 620 990 565 770 207 380 944 587 575 648 558 328 671
751 787 724 870 978 46 947 547 555 361 861 126 134 903 717
751 836 294 776 336 384 967 431 39 898 765 889 614 957 364
751 853 643 176 984 752 260 415 329 940 204 651 896 554 821
751 956 539 693 198 951 172 771 684 763 186 988 489 734 416
754 50 989 834 65 844 794 159 772 194 535 680 649 339 719
754 954 379 306 775 240 392 164 975 730 263 603 475 877 286
755 781 508 275 34 470 272 675 131 745 554 903 93 655 372
756 75 72 901 709 151 986 60 956 771 685 186 70 556 942
756 721 922 883 697 62 983 174 83 405 90 452 391 213 832
757 90 422 501 284 106 745 263 605 55 251 80 191 435 305
757 723 838 276 249 921 678 731 53 376 204 419 743 123 829
758 793 757 175 529 541 862 975 493 363 932 813 281 533 772
761 110 690 865 425 220 840 859 318 36 954 812 306 151 973
761 438 184 470 960 453 917 850 672 460 999 671 814 735 412
762 162 611 802 854 15 716 457 4 780 474 804 151 903 869
763 652 643 882 268 737 13 714 488 61 85 303 584 747 650
764 610 857 353 119 411 138 361 950 134 560 614 20 242 997
765 567 537 612 581 275 573 703 136 502 238 993 54 704 474
766 723 761 707 612 310 800 57 101 785 355 839 483 540 72
766 738 788 282 117 634 680 434 918 537 74 447 393 850 729
767 389 102 891 763 153 532 669 579 884 196 374 769 928 253
767 669 730 606 549 224 519 559 192 207 367 202 144 76 415
773 178 288 147 222 356 401 260 713 846 870 205 741 596 756
773 833 689 518 51 354 251 869 88 266 712 414 970 472 640
774 551 7 80 633 24 894 734 174 521 861 828 188 516 23
774 722 404 559 280 943 119 127 166 513 162 3 111 936 926
774 765 625 837 906 130 399 594 613 959 638 151 537 684 822
775 807 294 384 86 418 798 625 914 945 127 118 497 613 820
776 145 411 741 876 856 139 219 57 2 917 718 801 430 860
776 805 8 74 147 228 807 619 438 740 583 830 894 530 392
782 847 413 572 227 88 566 647 214 658 986 883 213 366 723
784 380 653 756 887 357 66 839 362 796 560 363 480 523 851
784 484 308 855 679 234 147 831 686 388 430 688 196 953 225
784 674 362 965 976 738 499 520 140 100 130 76 769 634 908
784 752 172 151 125 382 344 384 981 990 29 244 19 93 184
785 12 376 564 745 772 623 768 421 513 69 491 511 633 981
785 44 672 437 834 915 91 759 297 101 452 399 190 93 769
785 429 522 346 176 53 27 243 291 866 217 686 629 352 85
787 236 723 572 696 62 855 245 274 293 885 240 681 951 892
788 325 828 346 445 896 306 881 903 260 51 34 561 285 29
788 730 549 138 169 284 575 401 85 750 929 893 710 565 689
789 306 112 6 684 632 565 987 378 217 919 672 832 825 694
791 321 915 9 842 161 563 170 778 401 986 665 128 232 930
793 540 52 259 848 686 877 313 220 375 757 510 298 34 307
793 668 43 736 545 993 132 179 580 455 310 789 304 579 402
795 424 527 850 132 28 176 337 713 532 6 312 929 703 954
796 380 780 412 758 951 787 658 748 732 2 576 976 286 234
796 651 936 495 394 797 519 996 964 291 617 997 788 90 308
797 193 612 427 357 199 781 74 813 933 554 221 617 155 967
798 33 423 504 760 621 154 182 647 572 268 692 522 853 305
799 392 168 56 130 698 719 462 837 30 217 467 786 266 688
799 736 325 763 85 782 400 706 286 876 819 131 533 197 318
801 605 924 988 309 448 908 263 156 148 242 839 927 395 957
803 922 343 32 828 678 553 418 108 753 623 52 890 844 139
804 970 219 8 64 353 25 823 137 205 236 256 75 887 288
805 155 397 768 21 510 153 503 640 308 557 941 15 617 873
806 344 519 635 97 680 634 719 948 754 176 68 557 591 261
808 113 240 377 637 311 902 831 705 789 351 305 815 393 593
808 530 187 671 904 312 512 370 386 449 773 91 729 319 236
808 942 498 951 484 132 154 843 895 674 663 535 242 726 610
811 347 457 54 153 121 188 184 564 53 897 274 463 160 530
814 744 3 907 490 327 782 946 649 908 332 923 159 308 794
816 148 476 756 736 261 117 475 70 986 119 341 433 328 699
817 847 218 144 358 440 714 985 460 129 875 610 952 983 270
818 557 15 75 400 791 828 220 892 889 121 757 812 465 742
818 820 830 878 525 282 427 506 406 51 387 593 24 942 597
820 53 124 896 868 906 406 917 417 619 613 334 420 316 875
822 63 374 783 742 297 109 118 621 260 98 87 475 893 99
822 535 715 908 370 925 489 816 389 697 345 672 56 935 698
822 588 153 108 266 377 130 666 976 922 769 801 299 212 196
822 857 299 541 816 444 149 109 428 774 185 519 927 413 760
823 948 189 129 244 233 267 80 524 363 180 433 45 126 434
825 669 592 608 72 21 346 218 197 225 650 483 869 593 722
827 528 547 787 543 45 661 56 684 256 464 298 996 44 79
827 943 403 205 135 784 994 688 148 260 152 510 820 765 410
828 402 665 620 810 486 126 608 705 826 814 7 466 883 774
829 736 578 934 861 18 270 659 940 52 155 294 837 444 474
830 479 140 176 483 85 608 779 71 109 221 65 290 106 73
832 28 558 819 422 701 409 62 828 349 850 975 227 44 940
833 487 124 329 297 584 416 691 144 102 83 880 335 872 378
833 722 365 948 474 54 765 349 58 615 111 591 582 636 922
834 804 441 474 510 434 237 128 968 110 914 85 112 536 993
835 597 166 491 787 510 967 443 799 703 511 896 965 154 468
837 493 610 917 481 432 899 874 516 152 878 649 643 590 252
838 767 137 790 679 814 883 596 245 931 522 469 52 497 79
840 654 729 341 427 674 421 266 765 460 0 55 476 643 7
841 62 797 697 947 526 976 107 364 247 717 46 678 305 938
841 364 108 242 300 681 796 193 779 489 253 690 773 608 508
845 837 151 524 333 901 615 399 312 210 753 752 538 519 681
850 693 763 492 845 755 534 248 258 954 426 441 945 868 710
850 915 131 220 916 715 484 652 827 118 880 580 925 738 933
851 25 571 324 185 797 771 483 747 431 741 83 998 542 452
852 978 514 728 520 163 555 755 344 414 609 389 669 684 531
852 982 156 751 178 46 902 69 241 362 630 954 605 770 643
853 138 815 312 491 225 835 902 739 969 922 783 134 143 386
853 412 981 606 582 751 214 248 241 891 707 168 958 776 637
853 871 723 106 248 752 806 182 710 932 420 579 760 334 724
857 300 131 442 19 107 632 360 711 340 274 964 216 199 302
857 910 479 667 680 346 461 813 19 388 652 172 282 888 196
858 193 781 724 189 894 699 888 584 585 598 323 484 566 72
858 773 164 738 870 424 308 942 481 358 886 393 807 111 686
859 55 87 726 980 303 228 591 200 548 558 147 429 821 553
862 292 405 203 559 800 725 413 720 992 136 497 11 825 939
862 542 818 580 986 82 934 3 432 382 981 830 255 727 428
862 771 799 352 223 152 356 78 208 636 15 753 657 373 961
863 519 137 141 712 745 843 879 18 733 430 532 473 125 363
866 839 208 669 80 939 869 136 255 6 907 397 266 797 535
867 213 548 314 211 278 975 676 675 169 10 255 866 226 529
867 307 133 966 322 651 179 689 909 622 517 143 327 684 104
867 634 357 331 197 321 580 945 585 343 314 360 697 684 546
867 712 773 886 268 385 483 599 63 684 812 604 151 607 793
869 42 51 921 663 306 856 103 346 797 404 564 547 988 623
869 334 647 9 138 952 232 632 513 917 594 634 124 889 731
870 582 199 451 495 598 906 119 677 656 349 77 862 736 985
871 396 282 524 751 600 802 502 89 342 463 779 125 668 455
872 5 843 318 805 62 928 59 361 735 404 917 58 722 600
872 123 818 564 258 313 378 372 837 869 939 504 836 726 505
872 275 369 774 563 670 979 838 966 548 579 977 260 468 78
874 305 104 384 974 890 906 945 400 378 256 768 630 823 300
875 149 505 791 930 827 156 429 389 561 794 855 991 369 652
876 79 717 9 842 615 377 433 456 625 343 545 268 821 119
877 522 150 469 555 479 197 765 950 980 882 46 954 29 566
877 581 156 111 761 269 240 190 506 13 109 115 704 672 632
878 478 748 710 914 468 982 0 399 177 548 739 50 466 547
880 83 687 35 274 742 80 317 933 988 13 860 367 919 19
881 664 680 92 924 996 733 136 791 447 411 138 366 363 890
881 853 177 960 722 995 123 235 894 976 699 174 427 763 47
882 905 501 380 42 487 687 417 639 149 237 157 786 462 110
886 191 576 475 566 811 424 740 87 147 58 761 261 263 686
886 192 109 327 640 424 678 405 980 381 301 330 283 969 395
886 355 459 495 677 391 3 279 17 636 129 66 995 597 883
887 266 120 89 690 930 768 202 341 468 835 160 376 583 319
888 228 836 197 893 663 891 335 271 42 617 18 310 33 224
889 158 754 43 94 778 902 22 222 249 787 27 464 948 555
889 160 262 431 539 19 747 18 955 957 915 355 519 400 770
889 469 385 160 489 636 420 29 72 219 698 738 573 423 583
889 928 972 528 145 567 804 137 150 37 249 485 805 599 138
889 993 235 830 129 132 332 508 541 909 767 538 936 188 498
891 814 472 54 115 330 190 279 973 84 365 250 363 947 806
892 895 101 266 872 529 985 697 546 813 21 69 287 756 349
893 165 149 189 124 740 397 520 362 437 533 961 684 861 22
894 44 433 471 196 983 96 380 25 365 30 394 554 512 61
894 177 368 758 665 158 377 215 369 906 774 56 981 493 744
894 182 7 110 281 219 274 665 215 173 996 379 423 417 760
895 394 490 844 589 287 515 975 737 70 169 958 476 122 242
895 671 64 911 297 431 941 61 841 694 869 737 198 457 39
896 766 471 219 469 551 827 458 724 644 241 812 136 598 951
897 270 329 540 973 944 945 105 752 965 462 510 799 544 281
898 49 959 361 876 755 996 724 351 684 716 919 512 784 682
898 399 138 509 868 804 870 339 902 542 549 183 789 70 684
898 456 177 21 871 114 723 700 900 221 211 984 651 652 45
898 632 324 996 882 335 194 473 456 686 366 353 162 360 198
899 161 538 272 949 22 16 990 313 356 626 510 362 233 8
899 350 416 664 516 160 158 263 20 357 201 278 168 928 490
899 378 879 541 910 125 817 376 64 439 813 220 616 224 948
899 588 835 921 351 645 440 710 189 324 953 864 134 857 255
899 784 665 427 844 268 479 691 734 28 205 812 894 309 675
899 805 93 366 227 750 825 75 253 621 573 649 112 827 97
901 1 526 339 578 519 240 349 57 628 61 135 247 148 196
904 844 92 619 710 91 434 431 779 642 187 570 178 411 460
905 199 641 745 383 706 559 188 999 828 124 241 6 164 762
906 91 297 696 602 809 182 990 876 87 817 292 440 605 408
909 113 390 638 251 878 156 742 235 757 27 717 771 636 268
909 989 705 960 679 856 565 123 155 500 31 975 474 9 764
911 326 500 12 714 33 780 154 913 999 263 301 831 794 36
913 369 780 368 630 541 766 763 287 843 24 192 749 65 426
913 783 166 918 381 834 751 264 861 489 462 906 458 797 131
914 429 697 12 842 689 134 492 264 718 471 474 614 589 560
915 310 44 307 996 300 649 634 772 325 667 124 494 333 9
916 152 725 285 886 977 169 490 43 787 990 631 732 677 931
916 326 28 178 486 999 546 170 112 135 397 342 647 361 703
919 221 902 440 968 474 305 783 415 246 158 674 115 831 720
919 365 999 9 678 98 512 193 522 238 839 747 433 328 425
919 556 955 431 939 290 214 993 176 93 134 729 352 954 681
921 210 880 784 724 613 411 401 835 566 533 230 756 878 414
921 478 345 479 616 756 148 822 903 73 156 217 117 262 976
923 472 523 179 191 879 517 875 605 204 641 443 915 679 886
926 943 431 383 309 10 533 853 306 453 87 168 219 361 206
928 608 692 833 704 999 621 330 48 490 531 138 338 926 578
929 163 716 11 435 512 782 514 675 574 262 993 863 757 383
929 321 484 428 312 621 941 239 603 197 491 939 243 793 537
930 153 615 370 683 463 643 937 623 386 73 765 60 931 675
930 518 157 259 69 762 492 748 338 367 36 844 648 910 460
932 485 683 587 383 193 361 340 147 846 611 986 125 171 98
934 17 418 96 997 354 263 571 193 805 668 933 316 366 81
934 292 393 499 971 323 591 299 82 628 812 691 308 972 361
936 68 844 381 341 398 391 193 802 101 637 403 842 620 144
939 410 628 485 759 498 137 95 684 869 747 335 284 365 378
940 418 294 420 475 143 335 288 240 762 640 376 260 132 369
941 521 251 382 742 562 97 302 789 685 335 298 158 464 764
942 131 368 240 126 791 771 957 819 378 534 704 608 743 70
942 316 256 720 825 896 488 41 470 824 440 616 125 372 416
942 397 264 527 448 346 313 207 331 997 903 473 504 97 234
942 588 81 456 423 713 869 98 7 331 219 510 929 774 904
942 928 250 71 946 897 227 495 213 307 113 745 699 17 905
945 432 313 426 416 653 377 208 455 587 851 875 695 220 861
946 556 492 248 928 958 297 600 611 354 244 349 413 508 133
947 912 905 136 139 130 667 458 110 393 548 111 301 23 577
948 623 76 540 741 299 535 83 441 501 392 945 301 315 465
951 704 350 291 793 744 813 385 248 934 929 928 758 238 995
951 723 611 856 482 998 693 610 931 872 24 995 831 141 767
953 614 217 257 581 137 838 756 542 973 727 954 517 653 388
955 574 369 236 373 555 612 492 7 289 871 983 294 222 308
960 571 425 197 613 956 393 84 385 46 291 289 461 945 590
960 733 129 861 180 184 671 2 818 85 167 299 141 126 670
961 517 767 430 711 448 848 662 207 645 914 671 621 405 34
962 449 267 216 511 440 842 294 996 573 395 315 145 332 756
964 372 981 788 883 264 321 505 578 79 953 139 628 224 675
966 234 575 73 390 467 217 794 949 92 613 653 337 392 417
967 569 926 248 576 314 258 522 706 587 489 618 980 990 982
968 324 476 893 510 148 80 911 125 732 983 853 368 402 613
968 827 809 189 71 323 226 455 415 223 389 921 815 619 879
971 365 972 18 527 757 321 640 87 189 558 294 3 908 225
972 515 278 465 343 167 513 138 425 874 582 666 696 929 547
974 953 801 205 609 142 33 189 466 742 917 9 153 903 473
975 890 177 595 677 958 944 423 278 583 575 306 802 887 995
977 204 346 366 888 84 524 856 250 964 637 727 184 413 623
977 499 404 332 492 137 493 631 280 954 655 623 441 870 211
979 400 71 896 266 387 615 877 368 860 87 633 86 968 627
979 589 6 813 954 735 649 227 710 312 586 893 497 81 933
979 791 870 975 664 537 212 383 197 785 794 387 917 888 998
980 668 779 1 582 459 583 996 797 622 149 424 942 329 14
982 461 274 214 833 79 934 518 475 931 738 287 469 655 304
982 727 123 454 298 174 154 792 700 510 465 575 699 374 975
983 475 530 426 924 26 943 435 138 339 70 906 483 130 612
985 69 151 13 245 115 568 76 695 164 619 647 862 556 803
986 54 980 929 252 999 7 391 392 492 10 887 921 959 729
986 176 812 735 291 527 109 325 399 202 211 605 979 77 169
987 718 49 416 311 776 263 594 267 83 33 652 786 794 127
989 106 771 286 78 101 477 446 407 792 474 691 395 302 483
989 578 854 226 965 816 790 905 77 249 455 308 213 243 801
989 610 42 678 323 895 235 664 18 327 238 648 80 135 641
989 677 662 34 230 924 718 383 684 885 919 990 257 476 954
992 538 915 760 285 825 61 263 410 66 265 224 739 615 748
994 144 631 587 151 780 440 703 598 643 65 396 404 207 213
995 120 876 603 791 318 529 732 447 76 192 849 50 61 682
995 351 42 742 466 192 484 108 930 453 788 97 465 66 464
995 570 190 901 811 336 518 828 651 480 129 348 276 170 758
995 837 625 858 932 640 934 501 984 841 998 138 889 903 201
